ntasks: 4 rank: 0 start: 2023-05-22 14:08:53.007752 
ntasks: 4 rank: 0 end: 2023-05-22 14:08:53.2023-05-22 14:09:27.490040 
Approximate value of pi: 3.141557 / Elapsed time: 34.482 seconds
