pid: 18528 ntasks: 10 rank: 0 start: 2023-05-23 16:28:55.520877 
pid: 18528 ntasks: 10 rank: 0 start/end: 2023-05-23 16:28:55.2023-05-23 16:29:00.943654/2023-05-23 16:29:00.943654 elapsedd_t: 5.423 
Approximate value of pi: 3.1415918825 / Elapsed time: 5.423 seconds
