pid: 24178 ntasks: 10 rank: 0 start: 2023-05-23 12:10:26.794846 
pid: 24178 ntasks: 10 rank: 0 end: 2023-05-23 12:10:26.2023-05-23 12:10:31.166676 
Approximate value of pi: 3.1415441625 / Elapsed time: 4.372 seconds
