ntasks: 4 rank: 0 start: 2023-05-22 14:08:20.654418 
ntasks: 4 rank: 0 end: 2023-05-22 14:08:20.2023-05-22 14:08:53.611956 
Approximate value of pi: 3.141557 / Elapsed time: 32.958 seconds
