pid: 18542 ntasks: 10 rank: 0 start: 2023-05-23 16:28:55.498491 
pid: 18542 ntasks: 10 rank: 0 start/end: 2023-05-23 16:28:55.2023-05-23 16:29:00.449798/2023-05-23 16:29:00.449798 elapsedd_t: 4.951 
Approximate value of pi: 3.1415874925 / Elapsed time: 4.951 seconds
