ntasks: 4 rank: 0 start: 2023-05-22 14:08:52.433737 
ntasks: 4 rank: 0 end: 2023-05-22 14:08:52.2023-05-22 14:09:23.329761 
Approximate value of pi: 3.141557 / Elapsed time: 30.896 seconds
