ntasks: 4 rank: 0 start: 2023-05-22 16:52:18.733221 
ntasks: 4 rank: 0 end: 2023-05-22 16:52:18.2023-05-22 16:52:29.519172 
Approximate value of pi: 3.141474 / Elapsed time: 10.786 seconds
