ntasks: 4 rank: 0 start: 2023-05-22 14:08:54.411735 
ntasks: 4 rank: 0 end: 2023-05-22 14:08:54.2023-05-22 14:09:25.886725 
Approximate value of pi: 3.141557 / Elapsed time: 31.475 seconds
