pid: 4641 ntasks: 10 rank: 0 start: 2023-05-23 17:27:41.552130 
pid: 4641 ntasks: 10 rank: 0 start/end: 2023-05-23 17:27:41.2023-05-23 17:27:45.186374/2023-05-23 17:27:45.186374 elapsedd_t: 3.634 
Approximate value of pi: 3.1415817450 / Elapsed time: 3.634 seconds
