pid: 4645 ntasks: 10 rank: 0 start: 2023-05-23 17:27:49.081395 
pid: 4645 ntasks: 10 rank: 0 start/end: 2023-05-23 17:27:49.2023-05-23 17:27:52.579872/2023-05-23 17:27:52.579872 elapsedd_t: 3.498 
Approximate value of pi: 3.1416167275 / Elapsed time: 3.498 seconds
