ntasks: 4
rank: 0 / start: 2023-05-05 11:21:41.779956 
rank: 0 / start: 2023-05-05 11:21:48.007397 
Approximate value of pi: 3.141557
Elapsed time: 6.227 seconds
