pid: 40087 ntasks: 10 rank: 0 start: 2023-05-23 16:49:03.579322 
pid: 40087 ntasks: 10 rank: 0 start/end: 2023-05-23 16:49:03.2023-05-23 16:49:09.070467/2023-05-23 16:49:09.070467 elapsedd_t: 5.491 
Approximate value of pi: 3.1416309125 / Elapsed time: 5.491 seconds
