ntasks: 4 rank: 0 start: 2023-05-22 14:08:53.191661 
ntasks: 4 rank: 0 end: 2023-05-22 14:08:53.2023-05-22 14:09:26.491940 
Approximate value of pi: 3.141557 / Elapsed time: 33.300 seconds
