ntasks: 4 rank: 0 start: 2023-05-22 14:08:52.923184 
ntasks: 4 rank: 0 end: 2023-05-22 14:08:52.2023-05-22 14:09:24.819434 
Approximate value of pi: 3.141557 / Elapsed time: 31.896 seconds
