pid: 24150 ntasks: 10 rank: 0 start: 2023-05-23 12:10:26.789056 
pid: 24150 ntasks: 10 rank: 0 end: 2023-05-23 12:10:26.2023-05-23 12:10:30.738247 
Approximate value of pi: 3.1415758675 / Elapsed time: 3.949 seconds
