pid: 18545 ntasks: 10 rank: 0 start: 2023-05-23 16:29:11.852890 
pid: 18545 ntasks: 10 rank: 0 start/end: 2023-05-23 16:29:11.2023-05-23 16:29:16.919704/2023-05-23 16:29:16.919704 elapsedd_t: 5.067 
Approximate value of pi: 3.1415676125 / Elapsed time: 5.067 seconds
