pid: 40105 ntasks: 10 rank: 0 start: 2023-05-23 16:49:13.868941 
pid: 40105 ntasks: 10 rank: 0 start/end: 2023-05-23 16:49:13.2023-05-23 16:49:19.361519/2023-05-23 16:49:19.361519 elapsedd_t: 5.493 
Approximate value of pi: 3.1415700275 / Elapsed time: 5.493 seconds
