ntasks: 4 rank: 0 start: 2023-05-22 14:08:52.731514 
ntasks: 4 rank: 0 end: 2023-05-22 14:08:52.2023-05-22 14:09:23.801014 
Approximate value of pi: 3.141557 / Elapsed time: 31.070 seconds
