pid: 4638 ntasks: 10 rank: 0 start: 2023-05-23 17:27:37.598073 
pid: 4638 ntasks: 10 rank: 0 start/end: 2023-05-23 17:27:37.2023-05-23 17:27:41.395160/2023-05-23 17:27:41.395160 elapsedd_t: 3.797 
Approximate value of pi: 3.1415841975 / Elapsed time: 3.797 seconds
