pid: 24164 ntasks: 10 rank: 0 start: 2023-05-23 12:10:26.812094 
pid: 24164 ntasks: 10 rank: 0 end: 2023-05-23 12:10:26.2023-05-23 12:10:30.833377 
Approximate value of pi: 3.1415711875 / Elapsed time: 4.021 seconds
