pid: 18546 ntasks: 10 rank: 0 start: 2023-05-23 16:29:14.802824 
pid: 18546 ntasks: 10 rank: 0 start/end: 2023-05-23 16:29:14.2023-05-23 16:29:19.160252/2023-05-23 16:29:19.160252 elapsedd_t: 4.357 
Approximate value of pi: 3.1415521475 / Elapsed time: 4.357 seconds
