ntasks: 4 rank: 0 start: 2023-05-22 14:11:14.970064 
ntasks: 4 rank: 0 end: 2023-05-22 14:11:14.2023-05-22 14:11:27.185729 
Approximate value of pi: 3.141557 / Elapsed time: 12.216 seconds
