ntasks: 4
rank: 0 / start: 2023-05-05 11:15:59.021178 
rank: 0 / start: 2023-05-05 11:16:07.817018 
Approximate value of pi: 3.141557
Elapsed time: 8.796 seconds
