pid: 4643 ntasks: 10 rank: 0 start: 2023-05-23 17:27:45.352288 
pid: 4643 ntasks: 10 rank: 0 start/end: 2023-05-23 17:27:45.2023-05-23 17:27:48.896180/2023-05-23 17:27:48.896180 elapsedd_t: 3.544 
Approximate value of pi: 3.1416286250 / Elapsed time: 3.544 seconds
