pid: 24199 ntasks: 10 rank: 0 start: 2023-05-23 12:10:45.025076 
pid: 24199 ntasks: 10 rank: 0 end: 2023-05-23 12:10:45.2023-05-23 12:10:49.491845 
Approximate value of pi: 3.1416075700 / Elapsed time: 4.467 seconds
