ntasks: 4 rank: 0 start: 2023-05-22 14:09:25.029795 
ntasks: 4 rank: 0 end: 2023-05-22 14:09:25.2023-05-22 14:09:56.223101 
Approximate value of pi: 3.141557 / Elapsed time: 31.193 seconds
