pid: 24197 ntasks: 10 rank: 0 start: 2023-05-23 12:10:44.073215 
pid: 24197 ntasks: 10 rank: 0 end: 2023-05-23 12:10:44.2023-05-23 12:10:48.592458 
Approximate value of pi: 3.1415887400 / Elapsed time: 4.519 seconds
