pid: 4641 ntasks: 10 rank: 0 start: 2023-05-23 17:27:22.753392 
pid: 4641 ntasks: 10 rank: 0 start/end: 2023-05-23 17:27:22.2023-05-23 17:27:26.425413/2023-05-23 17:27:26.425413 elapsedd_t: 3.672 
Approximate value of pi: 3.1415817450 / Elapsed time: 3.672 seconds
