ntasks: 4
rank: 0 / start: 2023-05-05 11:21:41.770822 
rank: 0 / start: 2023-05-05 11:21:47.791298 
Approximate value of pi: 3.141557
Elapsed time: 6.020 seconds
