ntasks: 4 rank: 0 start: 2023-05-22 14:08:20.951732 
ntasks: 4 rank: 0 end: 2023-05-22 14:08:20.2023-05-22 14:08:52.199818 
Approximate value of pi: 3.141557 / Elapsed time: 31.248 seconds
