ntasks: 4 rank: 0 start: 2023-05-22 14:09:25.309750 
ntasks: 4 rank: 0 end: 2023-05-22 14:09:25.2023-05-22 14:09:56.379736 
Approximate value of pi: 3.141557 / Elapsed time: 31.070 seconds
