ntasks: 4 rank: 0 start: 2023-05-22 14:09:24.524131 
ntasks: 4 rank: 0 end: 2023-05-22 14:09:24.2023-05-22 14:09:56.532074 
Approximate value of pi: 3.141557 / Elapsed time: 32.008 seconds
