pid: 4638 ntasks: 10 rank: 0 start: 2023-05-23 17:27:18.949068 
pid: 4638 ntasks: 10 rank: 0 start/end: 2023-05-23 17:27:18.2023-05-23 17:27:22.582354/2023-05-23 17:27:22.582354 elapsedd_t: 3.633 
Approximate value of pi: 3.1415841975 / Elapsed time: 3.633 seconds
