pid: 4642 ntasks: 10 rank: 0 start: 2023-05-23 17:27:26.434724 
pid: 4642 ntasks: 10 rank: 0 start/end: 2023-05-23 17:27:26.2023-05-23 17:27:30.083203/2023-05-23 17:27:30.083203 elapsedd_t: 3.648 
Approximate value of pi: 3.1416160950 / Elapsed time: 3.648 seconds
