ntasks: 4 rank: 0 start: 2023-05-22 14:09:24.247921 
ntasks: 4 rank: 0 end: 2023-05-22 14:09:24.2023-05-22 14:09:55.227733 
Approximate value of pi: 3.141557 / Elapsed time: 30.980 seconds
