pid: 13664 ntasks: 4 rank: 0 start: 2023-05-22 17:53:38.980300 
pid: 13664 ntasks: 4 rank: 0 end: 2023-05-22 17:53:38.2023-05-22 17:53:41.329769 
Approximate value of pi: 3.141474 / Elapsed time: 2.349 seconds
