pid: 24193 ntasks: 10 rank: 0 start: 2023-05-23 12:10:26.787605 
pid: 24193 ntasks: 10 rank: 0 end: 2023-05-23 12:10:26.2023-05-23 12:10:30.861438 
Approximate value of pi: 3.1416017350 / Elapsed time: 4.074 seconds
