ntasks: 4 rank: 0 start: 2023-05-22 14:08:20.804384 
ntasks: 4 rank: 0 end: 2023-05-22 14:08:20.2023-05-22 14:08:53.296054 
Approximate value of pi: 3.141557 / Elapsed time: 32.492 seconds
