pid: 40106 ntasks: 10 rank: 0 start: 2023-05-23 16:49:29.747045 
pid: 40106 ntasks: 10 rank: 0 start/end: 2023-05-23 16:49:29.2023-05-23 16:49:34.119821/2023-05-23 16:49:34.119821 elapsedd_t: 4.373 
Approximate value of pi: 3.1415244925 / Elapsed time: 4.373 seconds
