ntasks: 4 rank: 0 start: 2023-05-22 14:09:26.573769 
ntasks: 4 rank: 0 end: 2023-05-22 14:09:26.2023-05-22 14:09:57.168735 
Approximate value of pi: 3.141557 / Elapsed time: 30.595 seconds
