pid: 4636 ntasks: 10 rank: 0 start: 2023-05-23 17:27:15.076582 
pid: 4636 ntasks: 10 rank: 0 start/end: 2023-05-23 17:27:15.2023-05-23 17:27:18.766984/2023-05-23 17:27:18.766984 elapsedd_t: 3.690 
Approximate value of pi: 3.1415910100 / Elapsed time: 3.690 seconds
