ntasks: 4 rank: 0 start: 2023-05-22 14:08:53.547729 
ntasks: 4 rank: 0 end: 2023-05-22 14:08:53.2023-05-22 14:09:24.940739 
Approximate value of pi: 3.141557 / Elapsed time: 31.393 seconds
