pid: 24200 ntasks: 10 rank: 0 start: 2023-05-23 12:10:35.922561 
pid: 24200 ntasks: 10 rank: 0 end: 2023-05-23 12:10:35.2023-05-23 12:10:40.113526 
Approximate value of pi: 3.1416516025 / Elapsed time: 4.191 seconds
