ntasks: 4
rank: 0 / start: 2023-05-05 11:15:59.568677 
rank: 0 / start: 2023-05-05 11:16:08.310265 
Approximate value of pi: 3.141557
Elapsed time: 8.742 seconds
