pid: 4646 ntasks: 10 rank: 0 start: 2023-05-23 17:27:33.881262 
pid: 4646 ntasks: 10 rank: 0 start/end: 2023-05-23 17:27:33.2023-05-23 17:27:37.455827/2023-05-23 17:27:37.455827 elapsedd_t: 3.575 
Approximate value of pi: 3.1415967500 / Elapsed time: 3.575 seconds
