ntasks: 4 rank: 0 start: 2023-05-22 16:52:18.448173 
ntasks: 4 rank: 0 end: 2023-05-22 16:52:18.2023-05-22 16:52:28.227927 
Approximate value of pi: 3.141474 / Elapsed time: 9.780 seconds
