pid: 18545 ntasks: 10 rank: 0 start: 2023-05-23 16:29:00.911326 
pid: 18545 ntasks: 10 rank: 0 start/end: 2023-05-23 16:29:00.2023-05-23 16:29:05.522022/2023-05-23 16:29:05.522022 elapsedd_t: 4.611 
Approximate value of pi: 3.1415676125 / Elapsed time: 4.611 seconds
