pid: 24195 ntasks: 10 rank: 0 start: 2023-05-23 12:10:40.250354 
pid: 24195 ntasks: 10 rank: 0 end: 2023-05-23 12:10:40.2023-05-23 12:10:44.613314 
Approximate value of pi: 3.1415959350 / Elapsed time: 4.363 seconds
