pid: 4639 ntasks: 10 rank: 0 start: 2023-05-23 17:27:18.897755 
pid: 4639 ntasks: 10 rank: 0 start/end: 2023-05-23 17:27:18.2023-05-23 17:27:22.516813/2023-05-23 17:27:22.516813 elapsedd_t: 3.619 
Approximate value of pi: 3.1415884800 / Elapsed time: 3.619 seconds
