ntasks: 4
rank: 0 / start: 2023-05-05 11:15:59.022131 
rank: 0 / start: 2023-05-05 11:16:07.820787 
Approximate value of pi: 3.141557
Elapsed time: 8.799 seconds
