ntasks: 4 rank: 0 start: 2023-05-22 14:09:24.536275 
ntasks: 4 rank: 0 end: 2023-05-22 14:09:24.2023-05-22 14:09:56.409043 
Approximate value of pi: 3.141557 / Elapsed time: 31.873 seconds
