pid: 13693 ntasks: 4 rank: 0 start: 2023-05-22 17:53:41.517324 
pid: 13693 ntasks: 4 rank: 0 end: 2023-05-22 17:53:41.2023-05-22 17:53:43.824198 
Approximate value of pi: 3.141474 / Elapsed time: 2.307 seconds
