ntasks: 4 rank: 0 start: 2023-05-22 14:08:20.752725 
ntasks: 4 rank: 0 end: 2023-05-22 14:08:20.2023-05-22 14:08:52.275374 
Approximate value of pi: 3.141557 / Elapsed time: 31.523 seconds
