pid: 24198 ntasks: 10 rank: 0 start: 2023-05-23 12:10:34.966821 
pid: 24198 ntasks: 10 rank: 0 end: 2023-05-23 12:10:34.2023-05-23 12:10:38.942582 
Approximate value of pi: 3.1415938950 / Elapsed time: 3.976 seconds
