ntasks: 4 rank: 0 start: 2023-05-22 14:09:26.062739 
ntasks: 4 rank: 0 end: 2023-05-22 14:09:26.2023-05-22 14:09:56.803742 
Approximate value of pi: 3.141557 / Elapsed time: 30.741 seconds
