pid: 13683 ntasks: 4 rank: 0 start: 2023-05-22 17:53:34.028464 
pid: 13683 ntasks: 4 rank: 0 end: 2023-05-22 17:53:34.2023-05-22 17:53:36.336606 
Approximate value of pi: 3.141474 / Elapsed time: 2.308 seconds
