ntasks: 4 rank: 0 start: 2023-05-22 14:08:54.221722 
ntasks: 4 rank: 0 end: 2023-05-22 14:08:54.2023-05-22 14:09:26.616730 
Approximate value of pi: 3.141557 / Elapsed time: 32.395 seconds
