ntasks: 4 rank: 0 start: 2023-05-22 14:09:25.454509 
ntasks: 4 rank: 0 end: 2023-05-22 14:09:25.2023-05-22 14:09:56.295968 
Approximate value of pi: 3.141557 / Elapsed time: 30.841 seconds
