pid: 4640 ntasks: 10 rank: 0 start: 2023-05-23 17:27:41.341647 
pid: 4640 ntasks: 10 rank: 0 start/end: 2023-05-23 17:27:41.2023-05-23 17:27:45.016413/2023-05-23 17:27:45.016413 elapsedd_t: 3.675 
Approximate value of pi: 3.1416127750 / Elapsed time: 3.675 seconds
