pid: 18551 ntasks: 10 rank: 0 start: 2023-05-23 16:29:10.123472 
pid: 18551 ntasks: 10 rank: 0 start/end: 2023-05-23 16:29:10.2023-05-23 16:29:14.636103/2023-05-23 16:29:14.636103 elapsedd_t: 4.513 
Approximate value of pi: 3.1415702225 / Elapsed time: 4.513 seconds
