ntasks: 4 rank: 0 start: 2023-05-22 14:09:25.732045 
ntasks: 4 rank: 0 end: 2023-05-22 14:09:25.2023-05-22 14:09:56.326123 
Approximate value of pi: 3.141557 / Elapsed time: 30.594 seconds
