pid: 4645 ntasks: 10 rank: 0 start: 2023-05-23 17:27:30.230336 
pid: 4645 ntasks: 10 rank: 0 start/end: 2023-05-23 17:27:30.2023-05-23 17:27:33.740193/2023-05-23 17:27:33.740193 elapsedd_t: 3.510 
Approximate value of pi: 3.1416167275 / Elapsed time: 3.510 seconds
