pid: 40102 ntasks: 10 rank: 0 start: 2023-05-23 16:49:08.829147 
pid: 40102 ntasks: 10 rank: 0 start/end: 2023-05-23 16:49:08.2023-05-23 16:49:14.125116/2023-05-23 16:49:14.125116 elapsedd_t: 5.296 
Approximate value of pi: 3.1416147450 / Elapsed time: 5.296 seconds
