pid: 24194 ntasks: 10 rank: 0 start: 2023-05-23 12:10:40.307618 
pid: 24194 ntasks: 10 rank: 0 end: 2023-05-23 12:10:40.2023-05-23 12:10:44.815017 
Approximate value of pi: 3.1415995125 / Elapsed time: 4.507 seconds
