pid: 13690 ntasks: 4 rank: 0 start: 2023-05-22 17:53:34.025035 
pid: 13690 ntasks: 4 rank: 0 end: 2023-05-22 17:53:34.2023-05-22 17:53:36.232927 
Approximate value of pi: 3.141474 / Elapsed time: 2.208 seconds
