ntasks: 4 rank: 0 start: 2023-05-22 14:09:24.530745 
ntasks: 4 rank: 0 end: 2023-05-22 14:09:24.2023-05-22 14:09:55.992153 
Approximate value of pi: 3.141557 / Elapsed time: 31.461 seconds
