ntasks: 4 rank: 0 start: 2023-05-22 14:11:15.109754 
ntasks: 4 rank: 0 end: 2023-05-22 14:11:15.2023-05-22 14:11:27.330894 
Approximate value of pi: 3.141557 / Elapsed time: 12.221 seconds
