ntasks: 4 rank: 0 start: 2023-05-22 14:11:15.010359 
ntasks: 4 rank: 0 end: 2023-05-22 14:11:15.2023-05-22 14:11:27.417593 
Approximate value of pi: 3.141557 / Elapsed time: 12.407 seconds
