ntasks: 4 rank: 0 start: 2023-05-22 16:52:18.828898 
ntasks: 4 rank: 0 end: 2023-05-22 16:52:18.2023-05-22 16:52:30.318489 
Approximate value of pi: 3.141474 / Elapsed time: 11.490 seconds
