ntasks: 4 rank: 0 start: 2023-05-22 14:08:20.562693 
ntasks: 4 rank: 0 end: 2023-05-22 14:08:20.2023-05-22 14:08:51.846925 
Approximate value of pi: 3.141557 / Elapsed time: 31.284 seconds
