pid: 40103 ntasks: 10 rank: 0 start: 2023-05-23 16:49:09.288190 
pid: 40103 ntasks: 10 rank: 0 start/end: 2023-05-23 16:49:09.2023-05-23 16:49:14.081710/2023-05-23 16:49:14.081710 elapsedd_t: 4.794 
Approximate value of pi: 3.1416182500 / Elapsed time: 4.794 seconds
