ntasks: 4 rank: 0 start: 2023-05-22 14:09:27.148901 
ntasks: 4 rank: 0 end: 2023-05-22 14:09:27.2023-05-22 14:09:57.085359 
Approximate value of pi: 3.141557 / Elapsed time: 29.936 seconds
