ntasks: 4 rank: 0 start: 2023-05-05 11:39:19.033889 
ntasks: 4 rank: 0 end: 2023-05-05 11:39:19.2023-05-05 11:39:28.217026 
Approximate value of pi: 3.141557 / Elapsed time: 9.183 seconds
