ntasks: 4 rank: 0 start: 2023-05-22 14:08:53.603725 
ntasks: 4 rank: 0 end: 2023-05-22 14:08:53.2023-05-22 14:09:24.978732 
Approximate value of pi: 3.141557 / Elapsed time: 31.375 seconds
