pid: 40101 ntasks: 10 rank: 0 start: 2023-05-23 16:49:08.123948 
pid: 40101 ntasks: 10 rank: 0 start/end: 2023-05-23 16:49:08.2023-05-23 16:49:13.686524/2023-05-23 16:49:13.686524 elapsedd_t: 5.563 
Approximate value of pi: 3.1415933200 / Elapsed time: 5.563 seconds
