ntasks: 4 rank: 0 start: 2023-05-22 16:52:18.616934 
ntasks: 4 rank: 0 end: 2023-05-22 16:52:18.2023-05-22 16:52:27.820416 
Approximate value of pi: 3.141474 / Elapsed time: 9.203 seconds
