pid: 123 ntasks: 4 rank: 0 start: 2023-05-29 18:19:20.906072 
pid: 123 ntasks: 4 rank: 0 start/end: 2023-05-29 18:19:20.906072/2023-05-29 18:19:29.989901 elapsed_t: 9.084 
Approximate value of pi: 3.1415699750 / Elapsed time: 9.084 seconds
