ntasks: 4 rank: 0 start: 2023-05-05 11:39:19.777020 
ntasks: 4 rank: 0 end: 2023-05-05 11:39:19.2023-05-05 11:39:28.559454 
Approximate value of pi: 3.141557 / Elapsed time: 8.782 seconds
