ntasks: 4 rank: 0 start: 2023-05-22 14:08:20.921721 
ntasks: 4 rank: 0 end: 2023-05-22 14:08:20.2023-05-22 14:08:53.629768 
Approximate value of pi: 3.141557 / Elapsed time: 32.708 seconds
