ntasks: 4 rank: 0 start: 2023-05-22 14:09:25.296213 
ntasks: 4 rank: 0 end: 2023-05-22 14:09:25.2023-05-22 14:09:56.251644 
Approximate value of pi: 3.141557 / Elapsed time: 30.955 seconds
