pid: 24195 ntasks: 10 rank: 0 start: 2023-05-23 12:10:31.001109 
pid: 24195 ntasks: 10 rank: 0 end: 2023-05-23 12:10:31.2023-05-23 12:10:34.920645 
Approximate value of pi: 3.1415959350 / Elapsed time: 3.920 seconds
