ntasks: 4 rank: 0 start: 2023-05-22 14:08:52.929720 
ntasks: 4 rank: 0 end: 2023-05-22 14:08:52.2023-05-22 14:09:25.166728 
Approximate value of pi: 3.141557 / Elapsed time: 32.237 seconds
