pid: 18508 ntasks: 10 rank: 0 start: 2023-05-23 16:28:55.498784 
pid: 18508 ntasks: 10 rank: 0 start/end: 2023-05-23 16:28:55.2023-05-23 16:29:00.174230/2023-05-23 16:29:00.174230 elapsedd_t: 4.675 
Approximate value of pi: 3.1416397400 / Elapsed time: 4.675 seconds
