pid: 40100 ntasks: 10 rank: 0 start: 2023-05-23 16:49:19.611141 
pid: 40100 ntasks: 10 rank: 0 start/end: 2023-05-23 16:49:19.2023-05-23 16:49:25.288687/2023-05-23 16:49:25.288687 elapsedd_t: 5.678 
Approximate value of pi: 3.1416020150 / Elapsed time: 5.678 seconds
