pid: 4642 ntasks: 10 rank: 0 start: 2023-05-23 17:27:45.177237 
pid: 4642 ntasks: 10 rank: 0 start/end: 2023-05-23 17:27:45.2023-05-23 17:27:48.789376/2023-05-23 17:27:48.789376 elapsedd_t: 3.612 
Approximate value of pi: 3.1416160950 / Elapsed time: 3.612 seconds
