ntasks: 4 rank: 0 start: 2023-05-22 14:08:53.400730 
ntasks: 4 rank: 0 end: 2023-05-22 14:08:53.2023-05-22 14:09:25.342369 
Approximate value of pi: 3.141557 / Elapsed time: 31.942 seconds
