ntasks: 4 rank: 0 start: 2023-05-22 14:08:54.184723 
ntasks: 4 rank: 0 end: 2023-05-22 14:08:54.2023-05-22 14:09:25.489274 
Approximate value of pi: 3.141557 / Elapsed time: 31.305 seconds
