ntasks: 4
rank: 0 / start: 2023-05-05 11:21:41.786155 
rank: 0 / start: 2023-05-05 11:21:47.811808 
Approximate value of pi: 3.141557
Elapsed time: 6.026 seconds
