ntasks: 4 rank: 0 start: 2023-05-22 14:09:23.778252 
ntasks: 4 rank: 0 end: 2023-05-22 14:09:23.2023-05-22 14:09:55.135721 
Approximate value of pi: 3.141557 / Elapsed time: 31.357 seconds
