pid: 13671 ntasks: 4 rank: 0 start: 2023-05-22 17:53:39.017251 
pid: 13671 ntasks: 4 rank: 0 end: 2023-05-22 17:53:39.2023-05-22 17:53:41.324085 
Approximate value of pi: 3.141474 / Elapsed time: 2.307 seconds
