pid: 40107 ntasks: 10 rank: 0 start: 2023-05-23 16:49:14.274097 
pid: 40107 ntasks: 10 rank: 0 start/end: 2023-05-23 16:49:14.2023-05-23 16:49:19.212339/2023-05-23 16:49:19.212339 elapsedd_t: 4.938 
Approximate value of pi: 3.1415195275 / Elapsed time: 4.938 seconds
