ntasks: 4 rank: 0 start: 2023-05-22 16:52:19.217206 
ntasks: 4 rank: 0 end: 2023-05-22 16:52:19.2023-05-22 16:52:30.431921 
Approximate value of pi: 3.141474 / Elapsed time: 11.215 seconds
