ntasks: 4 rank: 0 start: 2023-05-22 16:52:19.116944 
ntasks: 4 rank: 0 end: 2023-05-22 16:52:19.2023-05-22 16:52:29.124798 
Approximate value of pi: 3.141474 / Elapsed time: 10.008 seconds
