ntasks: 4 rank: 0 start: 2023-05-22 14:08:52.903082 
ntasks: 4 rank: 0 end: 2023-05-22 14:08:52.2023-05-22 14:09:25.534739 
Approximate value of pi: 3.141557 / Elapsed time: 32.632 seconds
