pid: 40106 ntasks: 10 rank: 0 start: 2023-05-23 16:49:14.265606 
pid: 40106 ntasks: 10 rank: 0 start/end: 2023-05-23 16:49:14.2023-05-23 16:49:19.674664/2023-05-23 16:49:19.674664 elapsedd_t: 5.409 
Approximate value of pi: 3.1415244925 / Elapsed time: 5.409 seconds
