pid: 13686 ntasks: 4 rank: 0 start: 2023-05-22 17:53:41.465387 
pid: 13686 ntasks: 4 rank: 0 end: 2023-05-22 17:53:41.2023-05-22 17:53:43.817315 
Approximate value of pi: 3.141474 / Elapsed time: 2.352 seconds
