pid: 24194 ntasks: 10 rank: 0 start: 2023-05-23 12:10:30.897898 
pid: 24194 ntasks: 10 rank: 0 end: 2023-05-23 12:10:30.2023-05-23 12:10:34.816967 
Approximate value of pi: 3.1415995125 / Elapsed time: 3.919 seconds
