ntasks: 4
rank: 0 / start: 2023-05-05 11:15:59.027021 
rank: 0 / start: 2023-05-05 11:16:07.848722 
Approximate value of pi: 3.141557
Elapsed time: 8.822 seconds
