pid: 13684 ntasks: 4 rank: 0 start: 2023-05-22 17:53:36.525346 
pid: 13684 ntasks: 4 rank: 0 end: 2023-05-22 17:53:36.2023-05-22 17:53:38.829473 
Approximate value of pi: 3.141474 / Elapsed time: 2.304 seconds
