pid: 18493 ntasks: 10 rank: 0 start: 2023-05-23 16:28:55.499821 
pid: 18493 ntasks: 10 rank: 0 start/end: 2023-05-23 16:28:55.2023-05-23 16:29:00.596528/2023-05-23 16:29:00.596528 elapsedd_t: 5.097 
Approximate value of pi: 3.1415887525 / Elapsed time: 5.097 seconds
